ISS (ZARYA)
1 25544U 98067A   24001.50000000  .00016717  00000-0  10270-3 0  9999
2 25544  51.6442 208.1234 0001234  72.1234 288.0123 15.54123456789012
HUBBLE SPACE TELESCOPE
1 20580U 90037B   24001.45678901  .00000567  00000-0  34567-4 0  9991
2 20580  28.4698 123.4567 0002345  45.6789 314.5432 15.09123456789098
STARLINK-1234
1 45678U 20012A   24001.50000000  .00001234  00000-0  23456-4 0  9999
2 45678  53.0123 234.5678 0001234 123.4567 236.7890 15.12345678901234
STARLINK-5678
1 47890U 21023B   24001.60000000  .00001456  00000-0  34567-4 0  9998
2 47890  53.0234 245.6789 0001456 134.5678 225.5432 15.06789012345678
COSMOS 2251 DEB
1 34427U 93036SX  24001.50000000  .00000123  00000-0  12345-4 0  9999
2 34427  74.0123 123.4567 0012345  90.1234 270.5678 14.34567890123456
IRIDIUM 33 DEB
1 27432U 09002B   24001.50000000  .00000345  00000-0  45678-4 0  9999
2 27432  86.3987  45.6789 0012345 345.6789  14.3210 14.34567890123456
FENGYUN 1C DEB
1 29834U 99025DX  24001.50000000  .00000234  00000-0  34567-4 0  9999
2 29834  98.7654 345.6789 0023456 234.5678 125.4321 14.23456789012345
LANDSAT 9
1 49260U 21088A   24001.70000000  .00000678  00000-0  45678-4 0  9997
2 49260  98.2234  67.8901 0001234  89.1234 271.0123 14.57890123456789
SENTINEL-2B
1 42063U 17013A   24001.80000000  .00000789  00000-0  56789-4 0  9996
2 42063  98.5678 123.4567 0001345 101.2345 258.9876 14.30987654321098
GPS IIF-12
1 41019U 15062A   24001.90000000  .00000012  00000-0  12345-5 0  9995
2 41019  54.7890 234.5678 0002345 178.9012   1.2345 2.00561234567890
GLONASS-M 758
1 40001U 14032A   24001.20000000  .00000023  00000-0  23456-5 0  9994
2 40001  64.8765  12.3456 0001234  45.6789 314.5678 2.13101234567890
GALILEO-28
1 45858U 20055A   24001.30000000  .00000034  00000-0  34567-5 0  9993
2 45858  56.1234 345.6789 0002345 234.5678 125.5432 1.70279876543210
GOES-18
1 51850U 22021A   24001.40000000  .00000045  00000-0  00000-0 0  9992
2 51850   0.0234  78.9012 0000123 123.4567 236.7890 1.00271234567890
METEOSAT-11
1 40732U 15034A   24001.50000000  .00000056  00000-0  00000-0 0  9991
2 40732   1.2345  90.1234 0001234  45.6789 314.5678 1.00269876543210
TIANGONG SPACE STATION
1 48274U 21035A   24001.60000000  .00002345  00000-0  34567-3 0  9990
2 48274  41.4567 167.8901 0003456  78.9012 281.2345 15.49876543210987
ONEWEB-0234
1 48567U 21045C   24001.70000000  .00001567  00000-0  45678-4 0  9989
2 48567  87.9012 234.5678 0001234 123.4567 236.6543 13.15432109876543
SPITZER SPACE TELESCOPE
1 27871U 03038A   24001.80000000  .00000067  00000-0  56789-5 0  9988
2 27871  33.4567  12.3456 0012345 234.5678 125.4321 0.37654321098765
CHANDRA X-RAY
1 25867U 99040B   24001.90000000  .00000078  00000-0  67890-5 0  9987
2 25867  76.5432 345.6789 0623456  89.0123 278.9876 0.22345678901234
TERRA
1 25994U 99068A   24001.10000000  .00000089  00000-0  78901-4 0  9986
2 25994  98.2109  45.6789 0001234 101.2345 258.9012 14.57654321098765
AQUA
1 27424U 02022A   24001.20000000  .00000090  00000-0  89012-4 0  9985
2 27424  98.2234  56.7890 0001345 112.3456 247.8901 14.57890123456789
COSMOS 2543
1 44911U 19096A   24001.30000000  .00000101  00000-0  90123-4 0  9984
2 44911  97.9123 123.4567 0012345 234.5678 125.4321 15.15432109876543
USA 290
1 44071U 19007A   24001.40000000  .00000112  00000-0  10234-4 0  9983
2 44071  57.7890 234.5678 0156789  45.6789 315.5432 1.86231234567890
INTELSAT 39
1 44476U 19049A   24001.50000000  .00000012  00000-0  00000-0 0  9982
2 44476   0.0123 123.4567 0000234 234.5678  45.6789 1.00270123456789
SES-17
1 48669U 21096A   24001.60000000  .00000023  00000-0  00000-0 0  9981
2 48669   0.0234 234.5678 0000345 345.6789 123.4567 1.00271234567890
JASON-3
1 41240U 16002A   24001.70000000  .00000234  00000-0  23456-4 0  9980
2 41240  66.0456  78.9012 0001234  89.0123 271.1234 12.96789012345678
SWARM-A
1 39451U 13067A   24001.80000000  .00000345  00000-0  34567-4 0  9979
2 39451  87.3567 167.8901 0002345 123.4567 236.6789 15.17890123456789
RADARSAT-2
1 32382U 07061A   24001.90000000  .00000456  00000-0  45678-4 0  9978
2 32382  98.5789 234.5678 0001456 134.5678 225.5432 14.29876543210987
WORLDVIEW-3
1 40115U 14048A   24001.10000000  .00000567  00000-0  56789-4 0  9977
2 40115  97.9234  45.6789 0001567 145.6789 214.4567 15.20123456789012
ICESAT-2
1 43613U 18070A   24001.20000000  .00000678  00000-0  67890-4 0  9976
2 43613  92.0123 123.4567 0001678 156.7890 203.3456 14.83456789012345
SENTINEL-6
1 46984U 20081A   24001.30000000  .00000789  00000-0  78901-4 0  9975
2 46984  66.0345 234.5678 0000789  89.0123 271.0987 12.93210987654321
ACE (ADVANCED COMPOSITION EXPLORER)
1 27871U 97055A   24001.74166667  .00000100  00000-0  00000-0 0  9999
2 27871  22.8900 291.8500 9500000  90.0000 180.0000  0.12000000123458
